COMPARACIÓN DE CÓDIGOS PLAN SIGMA
================================================================================

EN EXCEL: 22
EN BD: 103

EN EXCEL PERO NO EN BD (falta importar):
--------------------------------------------------------------------------------
  10246
  11356
  11390
  11399
  11405
  11437
  11451
  11456
  11474
  11480
  11482
  11486
  11494
  11496
  11499
  11588
  11590
  11591
  11592
  11593
  11595

Total: 21

EN BD PERO NO EN EXCEL (sobrante):
--------------------------------------------------------------------------------
  10185
  10186
  10195
  10197
  10209
  10211
  10213
  10214
  10220
  10222
  10226
  10235
  10236
  10237
  10238
  10241
  10248
  10249
  10261
  10262
  10264
  10270
  10278
  10280
  10281
  10284
  10287
  10288
  10306
  10310
  10312
  10313
  10328
  10337
  10339
  10343
  10351
  10358
  10361
  10363
  10365
  10367
  10369
  10383
  10394
  10406
  10411
  10413
  10414
  10415
  10416
  10417
  10419
  11354
  11358
  11360
  11363
  11364
  11367
  11373
  11374
  11381
  11388
  11394
  11395
  11397
  11398
  11403
  11412
  11419
  11424
  11427
  11436
  11442
  11443
  11452
  11458
  11461
  11462
  11463
  11477
  11484
  11487
  11489
  11491
  11492
  11498
  11500
  11501
  11502
  11503
  11510
  11572
  11575
  11576
  11577
  11582
  11583
  11584
  11585
  11594
  11600

Total: 102
